3.14159265358979323846264338327950288
4197169399375105820974944592307816406
2862089986280348253421170679821480865
1328230664709384460955058223172535940
8128481117450284102701938521105559644
6229489549303819644288109756659334461
2847564823378678316527120190914564856
6923460348610454326648213393607260249
1412737245870066063155881748815209209
6282925409171536436789259036001133053
0548820466521384146951941511609433057
2703657595919530921861173819326117931
0511854807446237996274956735188575272
4891227938183011949129833673362440656
6430860213949463952247371907021798609
437027705392171762931767523846748184
676694051320005681271452635608277857
713427577896091736371787214684409012
249534301465495853710507922796892589
235420199561121290219608640344181598
136297747713099605187072113499999983
729780499510597317328160963185950244
594553469083026425223082533446850352
619311881710100031378387528865875332
083814206171776691473035982534904287 


